4970
1220
2790
3638
3639
2546
2787
2300
2541
3872
3631
3873
5815
3890
2561
1470
3406
3404
5829
2556
4
1466
2312
3400
2553
800
3642
5820
4975
3645
3409
4735
5824
3647
4736
2318
4990
1484
1238
2327
2323
3412
1475
2564
3411
1232
812
813
3654
4502
5833
3655
4988
817
4747
4506
819
5850
4762
2341
2582
1250
2580
1249
3424
3423
4994
3663
824
4515
828
4770
4772
1021
2594
1020
2350
1260
4529
3439
2106
1016
1499
2102
1012
835
5855
4526
5859
3691
4782
4784
1275
2121
3452
2118
3206
2358
2599
2354
4532
4776
5623
847
606
5868
607
4539
5881
5640
4552
4795
5400
5884
1044
3463
1281
3459
1037
2126
2368
1036
1276
3454
4544
4789
5879
618
4549
4308
4560
1054
1294
1293
860
3226
863
4554
5401
4313
4314
4558
4570
1065
3000
3242
2152
3240
3481
1060
872
3238
3479
3478
633
2146
876
635
5655
5414
5658
4583
4342
4584
2165
1074
1073
2162
1072
3491
1070
3009
882
885
2158
3247
644
2399
2398
645
3003
4591
4597
5444
3023
3021
1081
654
3258
413
657
4104
4107
1090
5452
5453
4365
5697
3273
1093
2181
421
3029
3026
3025
4598
426
4357
5446
5204
429
5449
4130
4134
5223
5465
2199
3043
671
679
4140
4141
4386
3055
680
3050
445
4378
5226
5468
4138
3060
4150
4151
4393
5482
5483
5242
5000
3066
696
456
215
458
4148
5239
4164
5012
5254
3079
3077
3074
221
463
466
467
5261
5267
3088
470
472
5272
3091
4185
5274
4189
483
4182
486
245
487
249
5027
5029
5041
5284
5043
5044
5286
4199
5282
1910
497
1918
1916
5295
5056
5299
5058
5059
262
265
1924
1923
5063
5065
271
5078
281
5072
286
1948
5088
292
5082
1953
1952
1958
1957
1713
5092
5093
2811
3903
1963
3905
3908
1726
1968
3900
1976
2821
2820
3917
1972
1735
1990
1744
1500
1982
3929
1509
2837
1505
3922
2603
1997
2844
2601
2843
3937
2600
3938
1510
1752
1518
1517
2604
1764
1520
1760
2858
2857
1768
2870
1780
3716
1535
3958
4807
1774
1532
1530
3952
1790
1305
2636
3728
2875
2874
5908
2872
2871
4812
3966
5902
1306
1560
1558
2889
1557
2403
2643
2884
1794
1551
3731
3735
1559
3991
3992
1567
1323
2895
3500
2894
2652
1320
1562
903
3987
905
3988
5924
1328
2417
2659
908
1582
2670
2427
4606
5937
4849
2667
1336
2425
1335
2422
3511
3993
3995
5931
4602
3997
5934
5935
2429
919
1110
1351
3527
1107
2438
5706
5707
5949
5708
3525
2675
1343
3520
2431
921
924
4857
1108
929
3781
3782
5960
1121
1363
1362
2450
3538
2207
4629
2688
2203
1112
2442
4863
934
5711
5954
937
4868
3539
2462
1370
3549
2214
2698
3544
940
3302
2212
2696
2695
5720
702
5721
5964
946
947
4635
4890
4891
5740
5982
2473
3320
1140
2228
3316
3557
1137
3315
1378
950
1136
711
5973
713
4643
5974
3797
4886
4404
959
5978
5991
5994
1154
2243
3332
1395
2483
1391
4419
3327
961
721
963
3323
3565
2475
723
5984
725
4414
5987
5504
5505
4417
2254
2253
3583
3582
2250
3581
2009
2249
3579
2248
3337
2246
3335
2245
1397
4666
5517
5771
4443
2023
1176
3110
2261
980
3107
3349
2259
2016
3347
3589
503
987
4434
747
4437
4438
5300
5543
3123
1186
2272
992
3599
2267
3598
998
999
515
4446
5777
4208
5793
4221
1198
2044
2039
763
524
767
4458
4459
4476
5565
3142
2294
770
530
3378
3377
778
5557
5316
5318
4481
4487
4003
4245
2064
3395
786
2058
3147
5325
548
5567
4237
307
308
4239
5329
5343
5585
4255
2074
3161
550
552
312
555
5335
316
4005
4249
5338
5339
4008
2081
2080
5597
5113
4025
2088
2086
2084
3172
3171
5590
326
5589
5106
5108
4271
4272
5364
5365
5367
4036
4278
3189
3185
330
331
573
577
578
5358
4283
3191
5372
3190
5375
4286
3199
342
584
587
345
5368
109
5128
4051
5382
5142
5143
4054
4055
4056
5388
592
351
112
356
359
118
11
6001
5396
4066
5156
5398
18
362
4061
368
5162
371
131
133
376
6006
6009
31
5173
6022
4089
1809
145
1808
1807
40
1804
1801
4095
4096
45
5185
5188
5180
5181
4094
396
1810
157
158
1814
2901
56
160
5191
162
6040
1822
2919
171
1833
1830
70
73
74
189
1607
1603
194
2702
1610
1851
90
2704
1856
2945
2712
3804
1861
2719
1628
2966
4904
4905
2960
4909
4900
2726
1890
3826
1641
1882
2970
2739
1648
2978
2991
4925
1656
1898
1414
2985
1411
2983
3831
4921
3833
2506
2760
1667
4937
2755
2997
1423
3601
1422
2750
3609
3843
3607
2759
2770
2768
3615
1677
3612
1675
4941
4942
3855
1439
4704
2527
2769
1691
4716
4717
2535
2777
1443
3620
1441
3863
3864
5800
5801
5802
3627
4957
