4971
3640
3882
1462
1458
2305
2547
1457
2788
5818
1213
2301
2785
1695
1452
3874
3633
3876
2309
5813
3635
4966
2308
4981
3651
3893
1231
1230
5828
1469
3
5
2554
1463
1221
4973
3885
806
5840
1480
4507
2569
1237
4509
3413
2565
2322
811
3652
4741
4503
3898
3659
3670
3671
4760
2584
1252
1493
5849
5609
1005
2576
2334
3422
2333
3664
4758
829
3680
5860
4773
1264
2110
2352
2108
1018
2588
830
2345
1013
2344
833
834
4522
4764
5611
4766
3678
837
4525
2109
3694
5631
1273
3208
3207
2359
1269
1026
3446
1267
3203
1024
1265
3201
845
4775
846
5624
848
849
5880
4792
2132
2373
1041
1277
2124
2366
4301
4543
4786
3698
5876
617
4548
5651
5893
5652
5653
3233
2142
3230
2382
1292
3229
2136
1288
2377
3224
866
625
4315
627
5405
4330
5661
1066
3485
2153
1062
2149
1059
2147
875
3476
1298
636
5657
639
4100
5431
4586
3011
3253
3251
3493
3492
3490
3005
401
643
3245
888
4334
404
5666
5425
649
407
5668
4352
5200
4596
5685
5686
893
894
410
895
896
3015
3257
3256
3498
5677
659
4349
5439
5450
4362
5455
3034
1097
3274
1095
1094
2183
661
662
425
4132
5464
5224
3287
3285
2194
2192
672
3039
3036
4125
5456
439
3291
5470
5473
5477
3299
3053
4380
200
687
204
447
3289
206
5467
209
4394
5241
4395
4396
4154
5001
5243
5487
691
692
457
3059
4147
4389
5237
5492
4161
5251
5011
5495
4165
5498
5499
460
4160
222
468
229
3082
3080
4175
4176
5024
5025
5260
231
232
233
475
477
5019
3093
5273
5033
3097
4181
3094
244
1907
1900
4195
4192
493
4193
254
5053
261
1929
1922
1942
289
1705
1704
1950
1717
1716
2805
5096
5094
1965
1964
1962
1960
1734
3914
3919
2828
2825
2834
3925
1985
2832
1984
1742
1981
1998
2845
1511
2841
1751
1992
3932
1757
1999
1770
1767
1523
3706
2619
1527
1769
3702
1781
3715
2866
1777
2623
2865
2864
2621
1773
3953
2869
3714
2880
3726
1304
1788
2635
4817
5907
1300
2630
5900
1308
1307
1549
3967
3981
2892
2891
3737
4827
2400
3972
4820
4821
5912
1318
4824
3750
2661
2660
3748
4837
5927
1322
900
3741
4830
3743
3744
4850
2672
2671
1340
1581
1338
1579
3515
5939
1334
1575
1332
3510
2420
4840
911
913
5933
3998
3772
3530
1352
2440
1591
1349
1106
2437
1587
3522
1585
2432
3521
2673
922
5942
4853
3765
5702
3767
5945
926
4856
4615
3769
5947
4630
5961
2210
2693
2449
2448
2206
5718
2687
3534
2201
932
3775
935
4865
5712
936
4626
4869
939
4627
3791
3794
1131
3550
1130
3307
4639
2217
5729
1127
2458
1126
1368
1367
942
3542
700
2211
701
4874
704
5966
948
709
4650
5981
4892
4410
2474
3562
2230
1141
2472
3561
3560
1382
2471
5739
1138
1377
2466
710
3311
712
4884
4402
5975
4403
958
5735
5977
718
4407
5738
4660
5750
4420
2241
3329
1148
3324
3566
964
1386
4411
4895
5503
4415
5760
5761
4673
5762
2496
2010
2252
2490
3338
2006
2005
3578
2488
3577
1156
3333
976
4424
5515
5999
4669
4428
4683
4200
4201
1175
3111
3351
2260
3590
3109
982
743
1167
744
4433
4675
5522
504
989
5767
509
4451
5541
4695
5784
3121
3363
1184
2031
2273
3120
3360
1181
1180
991
3119
3359
2024
756
5775
4687
4204
5536
5537
4207
5550
5551
4222
5795
2287
1197
1195
2283
3371
1191
761
2279
765
2278
2277
4213
4697
529
5306
5548
4219
5308
2290
5321
5564
5323
2297
3140
772
532
774
3137
3379
2289
2288
4228
5319
5571
4242
4001
5333
4244
3154
3153
3394
3152
543
3148
3389
2299
305
306
5342
4013
3167
3165
2075
2073
2071
793
553
556
799
5336
559
319
4260
4262
5593
5352
4024
5355
3175
560
320
568
3168
4257
5104
4019
5109
5360
4030
2090
4031
5122
5366
5125
3186
570
571
2093
3182
572
579
339
5359
3192
4043
5132
5374
5134
5376
4288
5135
4046
4047
580
3194
341
101
346
105
107
4279
5127
4293
4058
4050
594
595
354
597
115
116
117
5151
5393
4064
5154
14
6003
4067
6004
5390
361
5392
364
366
125
127
5148
4073
6010
24
4075
26
4077
27
5169
373
378
379
5159
32
381
148
1805
5186
6033
392
5182
155
398
159
1819
1815
1813
54
5196
163
164
1820
2916
61
2920
72
2927
76
2923
77
185
1602
1601
2931
81
1849
1606
1847
88
193
198
1855
2944
1853
2708
93
94
97
2954
3800
3801
3814
2723
3817
4907
4908
2728
2969
1879
3813
1888
1402
2975
2974
2732
3828
2973
1881
1409
3820
3822
1406
1647
1889
2736
1660
2990
2988
2504
1655
3839
1892
3832
4922
2989
4924
3604
2998
1665
3841
2518
4933
2517
4935
1440
2771
1437
1679
4947
1436
2525
4948
4708
3850
3619
1438
2780
3869
1205
2778
2534
5809
2532
1684
1207
