2306
2548
1459
2304
2545
5819
1698
2544
2302
1454
1212
2543
1694
2783
4963
5810
5812
2549
3879
4980
3650
1228
2558
2313
3402
2311
2795
4974
803
3886
4733
4976
4977
3888
2319
808
809
4751
1000
2570
3417
4508
5839
1235
1477
3894
4983
4986
814
4745
3657
5835
4989
3673
3431
2583
1491
1490
5607
4518
1007
3426
1006
1247
1488
1486
1485
2332
4510
5600
3665
3666
4513
5603
4756
3668
4999
5846
3669
4517
3200
3442
1263
2593
1262
1019
3438
3437
2348
1258
3436
1015
1256
2103
1497
2586
3432
3674
836
5613
838
839
2364
1032
3451
3450
1271
2117
840
3204
2356
841
2114
600
1266
2597
2596
1023
603
3686
605
4535
4536
4537
3209
5882
3222
1043
1285
2131
3220
2372
3461
1040
2371
3460
2370
2129
850
2369
1038
3215
3213
613
4785
5632
3697
4303
5634
5635
5650
4563
5894
5410
1296
1052
2141
3470
5409
3227
2138
1289
1047
622
1045
2134
3465
5643
5885
868
5887
5888
5889
5648
4319
4332
4574
3486
3243
3241
871
2389
632
874
1058
4323
637
4325
5415
638
5659
4580
4340
3013
1075
3010
2161
883
3249
1068
646
4336
408
5428
409
4590
4593
5682
5683
4595
5684
4112
5202
1088
2177
3266
2176
1084
3020
651
653
656
5434
4587
658
417
5437
5679
4360
4361
4363
5210
2187
3276
3033
3031
420
3268
424
2178
3267
5687
4599
4116
5205
5207
4376
2197
3042
3040
432
436
678
4126
5218
5219
5471
4384
4143
4144
5476
5235
4388
3057
440
443
685
444
689
3047
207
4137
4139
5481
4392
5002
5003
3061
211
454
213
697
3058
218
4162
5496
5491
465
4158
5489
5248
3081
5265
3086
474
479
4169
5016
5035
1908
481
4180
3095
485
246
489
248
1901
4197
5287
4198
5045
5289
5048
5280
5281
499
258
1911
5294
5292
5051
5293
268
269
1926
5060
272
277
1939
1937
1935
5077
288
1949
5087
291
297
1710
2809
1719
2807
1959
2804
1955
3902
1723
3909
1969
2815
1967
1724
1973
2827
1737
3910
2824
1745
1503
3926
2830
3928
1740
3920
1506
1748
1988
1996
1753
2842
1993
1991
2609
1519
2849
1759
1758
2846
3934
2856
1766
3705
2854
2853
1763
2851
3709
1761
3941
1528
2867
1537
1779
3970
2881
2878
5904
3727
3969
1545
5906
1786
1543
1785
2632
1783
1782
1540
3963
1309
4811
3965
2879
5915
2645
2885
5919
1553
1793
2882
2409
3733
1319
2649
5913
5914
2406
1330
1572
1327
2416
1326
2657
4838
2415
2899
2414
5928
1565
3501
1321
3984
3985
3508
2418
3746
1337
5938
4608
2424
1577
4842
912
3754
4843
4844
3756
916
3757
3771
1590
4617
2435
1104
1588
2676
2434
1344
2433
3763
4611
5700
4612
4855
5944
1109
3768
5704
2439
4872
2694
2691
2690
1118
1116
3536
2205
2204
1355
1597
1595
931
5951
933
4866
5956
5714
5957
3790
4640
3310
2220
1372
2461
1371
5728
1129
3546
3303
1124
2213
3543
4873
3784
4633
4875
4634
3787
706
4636
5967
5726
5969
5983
1381
1139
2469
2468
951
2224
3313
4642
4401
956
3798
5734
4647
4889
5752
5510
2001
2000
3330
1152
1394
3571
1150
1392
1390
1149
2479
3568
1147
1146
1387
3322
4412
4654
5502
5744
4657
4418
4672
5520
5763
3585
1164
3100
3342
1163
2007
973
1157
974
2244
2486
4664
5753
735
4423
5512
4425
4667
738
4426
5530
5773
3354
3595
2263
1170
2019
740
3105
983
742
2257
2256
2498
502
3344
746
988
4676
4435
4677
506
5525
4439
5780
4691
4452
4453
5542
1187
2034
3122
750
993
510
3358
2027
2026
997
3597
514
757
4445
758
4447
4448
5539
5791
4463
4465
2045
2286
2285
1196
3132
2284
760
3369
3126
3368
3367
766
5302
5788
5305
5549
4230
4472
5320
5562
2054
2052
2293
3382
531
2047
776
777
2046
1199
4466
5555
4468
539
5317
5570
5572
4485
4486
3156
2065
3151
2062
781
540
2059
302
787
546
2057
3146
309
4491
4250
4251
5583
4011
5100
5344
5345
2076
313
557
5578
4007
3170
5350
5351
4263
5353
4023
5356
5114
3178
2085
324
567
327
4015
329
5361
4273
5363
4033
4276
5123
4277
337
5115
4041
5136
583
347
106
4038
5384
5385
350
4291
352
111
596
598
358
5137
12
4065
6000
4068
6005
4060
22
4074
23
5165
132
377
137
4085
4086
35
36
5177
6025
38
6024
39
5171
385
387
6017
1803
42
5184
6034
5189
2909
391
4090
393
152
4093
395
5183
154
1811
2900
2908
2906
57
5194
2910
2918
60
1828
1826
1823
66
69
174
177
1836
2925
1834
181
186
1842
1608
85
1604
190
2701
1852
2941
1619
2707
1859
95
2706
1857
1622
1864
3806
2951
3807
1860
3809
2718
2717
1627
1626
1868
1880
3815
1633
2964
1632
2721
1872
2961
2727
1637
4901
4902
1891
2976
1645
1886
1885
1884
2731
2737
2979
1405
2746
1415
2502
2744
2501
4928
2984
2740
2982
3830
1418
1416
1670
1668
2999
3848
2514
3600
1664
2511
2993
2992
3840
4930
3842
2519
3844
1428
4934
1678
2524
2765
2764
1432
1673
4940
4701
2529
3618
4945
3871
1450
1448
1447
2536
5806
5807
1687
1445
3622
1444
3621
1200
1442
2531
1683
3861
4950
3862
4952
3628
4715
2538
3868
