2792
1217
1215
1214
2542
1210
4721
4964
3891
4740
2562
1
2799
2798
3403
1465
3401
1222
7
2310
3883
4730
801
4731
5821
5822
3887
3646
5825
807
1229
2572
1241
1483
1481
2566
1234
1476
810
3410
5830
5831
4500
4742
4984
3896
3897
3656
4505
5837
3672
2100
1494
2340
2337
3425
1246
1003
1487
820
821
2574
4753
4995
4512
4996
5602
826
827
1009
3429
5606
1261
2107
2349
2105
2589
2104
1498
2343
3675
5854
5856
5857
4528
5870
5871
3693
2361
5629
3449
1028
3447
2355
2112
3685
3687
4777
5866
4538
609
4550
4793
4311
1286
1284
3219
3218
851
1279
3456
3214
1035
1034
2123
4302
4545
616
4788
5637
619
5639
5890
2144
1297
3475
1295
3228
861
3469
1049
621
3467
1046
626
4556
629
4559
5649
5663
4575
3002
2396
1064
2394
2393
2392
1061
2391
3480
873
1057
3477
1299
1056
2387
2145
4565
878
4567
5656
5416
4327
5419
4581
5671
4341
4101
5674
1077
3494
1071
640
400
884
3006
3248
402
886
3246
2156
4576
4335
405
5424
406
648
4578
4579
5669
1080
4350
4592
4351
4110
5201
4355
1085
3262
1083
3019
414
1078
4345
415
4105
4589
4348
5695
5212
1099
3275
1092
3270
663
422
664
423
3269
666
667
4115
5688
4358
5448
5208
5209
2191
4370
4131
4133
5466
3045
3286
3041
431
433
3038
434
3037
3279
4127
5458
5216
4128
5217
3290
5472
4142
5474
4387
4146
3295
3049
446
3048
205
5227
5469
5228
5240
5485
5486
5246
4390
4391
451
210
212
455
214
699
459
5478
4149
5493
5497
4167
5256
5015
5490
461
464
223
226
469
5247
5262
4174
5264
5023
5026
239
5017
5259
4184
5031
5032
4186
4187
4188
5278
1909
5279
3099
480
482
243
488
1905
1904
5046
5288
5047
490
491
492
250
251
494
495
257
5038
1917
1913
5297
5057
263
5049
1927
270
1931
278
1938
1933
5076
280
283
1943
287
1945
1944
5085
5086
5089
290
293
294
296
1954
298
1951
2808
1718
5098
1722
3906
2817
2813
3913
2823
1974
1971
1738
1978
2839
1989
1747
1504
3923
3936
1994
2608
2607
1516
1525
3704
3946
3947
1522
1762
3940
3700
2617
3944
2624
3717
1533
2863
1771
3951
4800
1538
2626
4803
1789
4816
1787
4818
1544
4819
1542
1541
3964
3724
3725
3980
2650
1316
4826
2646
4828
4829
2402
2644
1796
1312
1311
1310
1552
2883
3730
3974
5911
1571
3504
2656
4839
1324
1566
2412
3740
3983
5920
902
4833
5923
3747
4836
907
3760
1341
4607
1333
2421
1331
1573
3751
5930
4600
3996
4601
914
4603
4845
3999
4605
3517
3758
4847
918
2441
2681
1589
1347
2677
3524
3523
1102
1584
5941
3766
5703
3529
927
4616
3528
4858
2447
1115
2446
1114
2443
3532
2685
1111
2200
3531
4621
4864
5970
3792
5730
1128
1369
1125
3545
2697
2453
4632
3785
705
4878
707
4879
5968
5727
5980
5741
3317
2225
1135
1134
1375
954
3796
5733
715
957
4645
5737
3319
4649
4661
5751
2240
2480
2239
3328
2237
2236
3325
2234
1144
3564
965
5500
5986
4656
968
4898
4416
729
5749
2494
2493
1160
971
1158
3336
731
2487
977
5754
737
4668
4427
5516
739
4429
5518
4680
5770
4440
4442
5532
3112
3353
3594
2021
1173
2020
3593
1172
3592
2258
2499
984
1168
501
2497
5765
5524
4679
5526
5529
5540
5782
2033
990
994
995
3357
996
2025
3113
4444
4689
517
759
4209
5794
5311
4464
5312
5554
5796
2041
3130
2040
762
3128
2038
3127
522
764
1189
2036
1188
3124
3366
5544
5303
4215
4217
5309
4470
5560
4475
2055
3144
3143
3141
2051
3380
3136
535
536
537
5556
4226
5559
4229
4480
5330
4000
4484
5573
5574
2066
3397
2061
2060
782
300
784
3149
4235
4478
4479
5569
4492
5582
4010
4012
4496
5587
2078
794
3159
797
3157
558
5337
5579
4021
4022
5112
5596
4267
2089
3174
2083
561
322
323
5588
4499
328
5105
4017
5107
4018
5349
3181
2091
4032
5121
4275
4035
2098
3183
2094
333
338
4026
4027
5119
4045
4287
5378
581
344
103
5126
5129
4294
5141
5144
5147
590
591
5380
353
357
4048
5139
5394
6002
5158
4069
5150
128
21
5163
5164
6011
5166
5167
29
4070
135
136
6007
5174
6023
5176
6027
6026
4081
384
144
386
1806
43
6032
46
47
49
6038
151
4092
6030
397
156
399
1818
50
2904
5197
58
5190
5193
167
1827
62
64
2913
68
2922
2921
1832
178
179
2929
2926
78
182
183
187
1841
80
1609
84
2937
2936
1846
87
2934
1845
1613
2943
1611
2942
2948
1858
2947
1615
1866
2713
2955
1623
1865
3805
1862
2716
1869
2958
2957
1625
2714
3802
4903
2965
2722
1871
1870
2729
3810
2725
2980
4914
1404
2735
2733
4918
4919
2971
3821
2738
1649
1657
3837
1897
2986
2743
1895
1410
1652
1894
1671
2515
3847
1424
4938
2512
1421
1661
4932
1669
1682
3858
2526
1435
2766
1434
2522
3611
1674
2521
2762
1430
3851
3852
3853
4700
4943
4960
1206
4718
4719
2772
2530
3629
3866
4955
2539
5804
