1460
2791
4969
1216
4729
1456
2786
4720
4962
3875
4722
4965
1219
4725
4967
2307
4726
4968
2320
1471
3649
2316
3405
2
1226
1467
2314
1464
4972
9
4734
5823
3648
4979
4991
3660
4750
4993
1242
2330
1239
2328
4749
5838
3416
2568
1478
2324
3653
4985
4744
4504
3899
3658
5836
3418
4748
4761
1253
3427
5608
1248
2579
2336
1004
2335
1002
1001
822
5842
4754
825
5844
3667
4757
5847
4516
5605
4759
5848
4771
3683
4530
3441
2592
2591
5619
2347
1257
831
4521
5852
5612
4524
5614
4527
4769
5616
5617
1033
2122
3210
2362
1030
2116
2115
2598
3445
3444
843
601
4533
604
4534
3689
5625
4551
4794
5641
4553
3464
2374
3221
2130
1283
2128
3217
2127
3216
3458
610
2125
854
614
856
5875
615
4787
4305
4547
5878
5638
4320
4562
4321
4322
2385
3472
2140
1048
3225
864
1287
623
865
5886
867
5403
5647
4317
4318
5407
5660
4572
5662
4333
2397
3244
2154
2395
3484
1063
3483
3482
2390
631
3237
5412
5654
5896
5897
4568
5899
5417
5670
5430
5672
5673
4585
5432
4344
2166
3012
3496
3495
3250
2160
3008
3007
641
642
403
887
1067
3487
5423
4577
5667
4337
5427
5680
5681
5441
4353
5443
2175
3261
1082
3260
650
3016
3499
4103
5436
5438
4109
5692
2188
3032
2182
665
4114
5445
669
4117
4359
4119
3280
2190
5462
4374
4135
2198
2196
2195
3282
670
3281
676
435
677
5214
4368
5215
5459
4129
4381
5233
3298
3296
683
448
208
4152
4153
4397
5245
5488
3068
3067
3064
3063
450
695
698
217
5479
219
3070
4163
5013
5014
3075
220
462
224
3069
228
4159
5020
5022
4178
4179
3087
3085
3084
234
235
236
237
238
5258
5018
5034
5036
5037
5270
1902
5283
5285
4196
5040
255
256
498
259
1914
5052
5290
264
1921
267
1925
5067
5068
5069
5061
282
5071
284
1940
1709
1708
1947
5080
5081
5084
299
2806
1714
2802
1720
1729
2818
1725
2814
1966
3901
1731
3916
1970
3911
2833
3927
1741
1983
3921
2836
2835
1512
1995
1750
3931
2848
2605
3933
2612
3948
2610
2852
1529
2618
3701
3943
2625
1778
1534
3959
3718
2620
1772
3710
3711
1539
3712
3955
4802
4815
3968
2877
5905
2634
1302
1301
2631
2873
3961
3962
4810
3722
2639
5901
3723
2637
2888
1315
1799
2404
1314
1798
1795
2642
3973
3975
4822
3734
3976
4823
3977
1317
2648
1569
2658
3503
2897
3502
2896
1564
2653
2410
4831
4832
3509
4834
1329
906
3989
2430
1580
3759
4848
2426
3514
2666
1576
2423
2665
2662
3755
915
3518
1339
5936
3770
1594
2683
1593
5948
2679
3526
1348
2678
4619
1346
3762
4610
3764
4854
5701
4613
4870
2452
2451
2692
1361
1358
2689
1357
3535
1598
1113
2202
1354
1596
3773
4620
3774
5952
4622
3776
4623
3777
4624
5713
4625
4881
3793
2459
3548
2216
3547
2215
1123
2454
941
3301
3300
4631
5963
945
5722
4877
3788
5725
3789
949
4638
4651
4893
4894
1385
3321
1142
2470
4408
3559
3314
3312
2222
5731
955
3799
716
4646
4888
5736
4405
5990
1396
2485
2242
1153
3331
3570
5508
5509
960
3326
1388
720
2235
2477
4653
724
5501
5985
4897
5745
5746
728
5989
5506
4671
4431
4432
3343
3340
2492
2491
730
972
732
3334
5511
5513
5997
5514
5998
5757
5758
4681
4682
5772
5774
2265
3352
3108
981
2018
2017
3106
986
2013
745
5764
748
4436
749
5528
4210
4211
2276
3365
1185
3362
1182
2270
2029
2028
511
3114
512
2266
4203
5534
5776
5790
4220
4462
5552
3134
2042
1194
3372
1193
2282
2281
2280
3125
4455
768
526
4457
527
4216
5789
4231
3145
2296
3385
2295
3383
2050
3381
3138
775
2048
3135
4224
4467
5314
538
5315
5799
5558
4469
4482
4241
4483
4002
5334
3155
2063
3150
3391
542
544
545
789
4236
5327
2070
5580
4494
4254
4497
4498
2077
2072
791
795
3158
2069
3399
2068
4488
4489
4006
318
5592
4020
5594
5595
4265
5354
3173
2082
563
565
5346
5347
5120
5124
2099
5116
4269
5117
4029
5118
4282
5371
4040
4042
4284
5373
4285
4044
4289
340
582
3193
4281
5370
585
102
589
348
349
4037
108
4039
5383
4297
4298
4299
4290
4292
5381
113
599
119
5138
10
4063
5395
5153
5155
5397
5391
120
363
365
123
20
6012
4076
6014
5168
6016
130
5161
134
30
4084
34
5175
4087
5178
5179
380
4080
4082
383
5172
6018
6036
6035
4091
394
6029
6028
1817
1812
55
59
161
166
1821
168
2914
1824
2912
172
1838
1835
2924
184
188
2932
1605
191
1854
1612
1850
1618
2949
2705
1614
2703
1621
3808
2950
1629
2959
2724
1634
1874
2963
2720
1630
1639
1638
3812
2967
2977
1403
1887
1644
4916
1401
1643
1400
1883
2730
1407
4911
2987
1413
2981
4920
1417
3834
4923
1658
2747
1426
2757
2513
3849
2754
2995
2752
2994
3608
1429
3606
2516
2758
4705
4949
1676
2523
3610
1431
2761
3616
3870
1690
2537
2779
3626
4959
1446
1688
3624
1203
3623
2773
4953
3865
3867
5803
1208
4714
