3881
2793
1461
2550
4728
1699
2303
1697
1696
1211
2784
4961
3630
3634
3636
3637
3892
4982
1473
2560
2317
5827
1227
4739
1468
1224
1223
2796
6
2794
8
3641
3884
3643
4732
804
805
3408
4737
2331
2573
1240
2571
1479
3415
1233
1474
2321
4501
4743
5832
4987
816
4520
5851
1011
1495
1010
3430
1251
1492
2339
1008
3428
4519
2577
2575
3421
1243
4511
823
4998
5604
3681
3682
5620
3684
1022
2353
2351
5618
1017
1259
3434
3433
2101
4763
5610
3676
4765
4767
4768
5858
3690
4780
3692
4781
4542
3211
3453
1274
1031
1272
2360
1270
1029
3448
3205
1268
842
2113
5863
602
844
4778
5626
608
5628
4790
5642
2133
1280
4309
1039
852
1278
2367
611
853
612
2365
5633
857
3699
858
4304
859
4306
4307
5891
4561
5892
2143
3232
3231
1053
2383
1050
2381
1290
620
2137
3466
2376
3223
4797
4798
869
4799
5404
5646
4316
4573
5420
2155
3001
3234
4324
4566
5413
879
4326
4328
4329
5418
4343
4102
3255
1076
3254
2164
2163
3489
2157
3488
647
889
4339
5440
5442
4354
4113
1087
3265
2174
2171
890
892
652
411
3259
412
2169
897
2168
898
4346
4588
5678
4106
419
4108
1091
2180
5693
5694
4122
5696
4123
5454
4124
5213
1098
2186
660
3028
2179
1089
668
427
428
4371
4372
5221
4377
3288
3044
3284
674
2189
437
4367
5698
438
4369
4382
4383
5230
5232
5475
4145
3297
3294
3293
682
441
684
203
688
4136
449
4379
5484
5244
4155
4398
3065
693
452
453
216
5236
5250
5252
5494
5253
4168
3078
3072
5005
5006
5249
5008
4173
5021
4170
3083
4171
473
4183
3092
5277
3098
240
5028
4190
4191
252
253
496
5039
1912
5296
5055
260
5050
1928
5064
5066
276
279
5070
1941
1707
1706
1711
1715
2803
1956
5099
2812
1721
3904
1961
3907
2819
1728
2816
1733
1975
3915
1730
3918
2829
1979
1736
1977
1987
1986
1501
1743
1508
1507
1513
1754
3939
2840
3930
2606
2847
1515
3707
3708
2850
2859
2615
1526
3703
1536
4805
1776
2862
4809
2629
4801
3713
2868
3956
1550
1791
1547
1303
5909
3720
3721
4814
1561
2405
3979
2887
5918
1555
2886
1554
2641
3971
3732
5910
2408
2407
3736
4825
1570
3505
1568
3749
2898
2413
1563
2651
2893
3982
3742
5921
5925
3761
2669
2668
4609
3513
3512
2663
3752
3994
5932
4604
2428
2682
1592
4618
2436
1105
1103
1586
1100
1342
5940
4851
923
925
928
4871
3783
3540
1360
4628
5959
1359
3537
5719
1356
2445
930
5955
3778
4867
2209
3779
5958
4880
5972
2463
2460
3306
2457
2699
3304
2456
1366
1122
5962
944
703
3786
4876
5723
5965
5724
4637
2219
2232
3563
1383
2229
4409
1379
3556
2467
952
3554
1133
2464
3795
4885
5732
714
4644
4887
5976
717
4406
719
5992
4421
4663
2484
3572
1393
2481
3569
3567
1389
2478
2476
1145
722
2233
5743
4655
726
727
5747
4659
5748
5507
4674
5521
1165
3101
2011
3341
1162
3580
5519
3339
2008
970
1159
2489
1399
2003
1155
2002
3575
4422
734
4665
736
5755
4684
5531
4685
3596
2022
1174
3350
3591
1171
741
3588
2015
3104
3345
2014
3103
2255
3102
3586
5766
4678
508
5527
4692
4450
5781
4694
5783
4454
2030
3118
3117
1179
2268
755
1177
4202
4686
4688
5535
5778
4205
4449
5538
519
4460
5310
5553
4223
3376
3375
2043
3374
3131
3373
1192
3129
520
2035
5786
4698
5545
769
5304
5546
528
4218
5561
4232
4474
5563
4233
4234
2056
2298
3387
3386
2292
771
3139
5332
5576
2067
3396
3392
780
783
301
303
788
4477
5324
549
5326
4238
5581
4493
5340
4253
4495
5584
4014
4256
5103
3163
790
3160
310
311
796
798
315
4004
4247
4266
5598
3177
321
564
325
4016
5362
2097
4270
576
334
335
336
3179
5599
4268
5130
5131
5133
3198
3197
3195
100
586
104
5140
4296
5386
5145
5387
4057
593
110
114
5379
4062
5152
15
17
360
122
367
126
369
5149
25
4078
4079
6015
5160
372
4072
33
6021
6020
37
382
5170
141
389
147
149
44
6031
4097
4098
5187
48
4099
6037
150
153
1816
2905
51
2903
53
169
6039
2917
2915
63
1825
173
176
1831
1844
2933
2930
2939
2938
1848
2935
89
192
195
197
2700
91
92
98
3803
2711
2952
1620
2715
2956
1635
3816
1636
1646
2734
4915
1642
2972
1640
4910
4912
3836
2503
3838
4927
1896
1653
4929
1651
1650
2507
2749
1659
2748
2756
1666
4939
1663
2510
1420
2751
3845
1427
3614
3613
4707
2520
4702
4944
2528
3617
1451
2540
1693
2782
4958
5805
1689
1204
5808
1686
2533
1201
1685
2774
4951
4710
4711
4712
4954
4956
