3880
2551
4727
5816
2789
5817
1455
1453
3632
5811
4723
3877
4724
3878
5814
1218
1472
2559
4738
2315
2557
1225
2797
2555
2552
802
3644
3889
4978
3407
5826
3661
4992
3662
3420
1482
2326
1236
2567
2325
3414
2563
3895
815
5834
4746
3419
818
2329
2342
2581
2338
1489
2578
1245
1244
4752
5841
5601
5843
4755
4997
5845
4514
5861
4531
5862
2111
2595
3440
2590
2346
3435
1014
2587
1255
832
1254
1496
2585
5853
4523
3677
3679
5615
4540
5630
5872
4541
4783
3695
4300
5873
2363
2120
2119
1027
2357
1025
3202
3443
5621
4774
5622
5864
5865
3688
5867
4779
5627
5869
4791
4310
5883
2375
1042
3462
1282
3457
3455
3212
855
3696
5874
4546
5877
5636
5411
4564
5895
1055
2386
3474
3473
2384
1051
3471
1291
2380
2139
3468
862
2379
2378
2135
624
4312
4796
4555
5402
5644
5645
4557
628
5406
5408
4571
4331
5421
5422
5664
2151
2150
870
3239
630
2148
3236
3235
2388
634
877
5898
4569
4582
5675
5433
3497
3252
880
881
2159
1069
3004
5665
5426
4338
5429
4594
4111
3024
3264
1086
3022
3263
2173
2172
2170
891
3018
3017
655
1079
2167
3014
899
5676
416
5435
4347
418
5690
5691
4120
5451
4121
5211
4364
4366
3035
3277
1096
2185
2184
3030
3272
3271
3027
4356
5203
5447
5689
5206
4118
5460
5461
4373
5220
5463
4375
5222
3046
3283
2193
430
673
675
3278
5699
5457
5231
4385
5234
3056
3054
3052
3051
681
3292
442
201
686
202
5225
5229
4156
5004
4157
4399
690
3062
5480
694
5238
3071
5010
4166
5255
5257
3076
3073
225
227
5007
5009
4172
5263
4177
5266
5268
3089
471
230
476
478
5030
3090
5275
5276
3096
5271
241
242
484
247
5269
1906
1903
4194
5042
1919
1915
5054
5298
5291
1920
266
273
5062
274
275
1932
1930
1936
1934
5074
5075
5079
285
5073
1701
1700
1946
1703
1702
295
5083
1712
2801
2800
5097
5090
5091
5095
2810
1727
2822
1732
1739
2826
3912
3924
1502
2831
1980
1749
2838
1746
1756
1514
3935
2602
1755
2614
1524
2613
2855
1765
3949
2611
1521
3942
2616
3945
4804
3957
4806
1775
2622
3719
4808
1531
2861
2860
3950
2628
3954
2627
1792
1546
2876
3729
2633
1784
3960
4813
2638
1548
5903
2890
2647
3738
5916
1556
3739
5917
1313
1797
2401
2640
3978
3990
5926
1325
2655
5929
2654
2411
901
5922
3986
2419
904
3745
4835
3507
3506
909
1583
3516
1578
2664
1574
910
4841
3753
3519
4846
917
4860
4861
5950
1350
2680
4859
5709
1345
1101
2674
920
4852
5943
4614
5946
5705
3780
3541
1120
5717
1117
1599
2444
2686
3533
1353
2684
4862
5710
5953
5715
938
1119
2208
5716
4882
5971
4641
4883
1374
2221
1132
3552
1373
3551
2218
3305
2455
1365
1364
943
3309
708
3308
4652
1143
1384
2231
1380
3318
2227
3558
2226
3555
1376
2223
2465
953
3553
4400
5979
4648
5993
4662
3574
3573
1151
2482
2238
962
5742
966
4896
4413
967
5988
969
4899
4658
4670
4430
2012
2495
3584
2251
1161
2247
2004
3576
1398
975
733
5995
5996
978
5756
979
5759
4441
2264
2262
3348
1169
500
3346
3587
985
1166
5523
505
507
5768
5769
4690
4693
4696
5785
4212
5301
2275
3364
2274
2032
3361
1183
2271
751
752
2269
3116
753
3115
754
1178
3356
513
3355
5533
516
518
4206
5779
1190
4461
5792
3133
3370
521
2037
523
525
4214
4456
5787
4699
5547
5307
4471
4473
5322
2053
3384
2291
773
2049
533
534
5313
5797
779
4225
5798
4227
3390
4240
5331
4243
5575
3398
3393
541
785
304
3388
5566
547
5568
5328
4252
5341
5101
5586
5102
3166
3164
3162
4490
792
551
554
314
4246
5577
317
4248
4009
5591
4261
5110
4264
5111
2087
3176
562
566
3169
2079
569
4258
4259
5348
2092
3180
4274
4034
3188
3187
2096
2095
3184
332
574
575
5357
4028
5377
3196
4280
343
588
5369
4052
4053
4295
5146
5389
355
4049
13
16
5157
5399
19
121
124
129
4059
6013
28
370
4071
374
375
138
139
6008
4088
140
4083
142
143
1800
146
388
6019
41
1802
390
2907
52
2902
5195
5198
5199
5192
165
2911
1829
65
67
170
175
71
1839
2928
1837
75
79
180
1843
1600
1840
82
83
86
196
199
2940
2709
1617
96
1616
2946
99
1624
2953
1863
2710
1867
1877
1876
1875
4906
1873
2962
3818
1631
3819
3811
2968
1878
3825
3827
4917
3829
1408
3823
3824
4913
1899
2745
4926
1412
1654
2742
2500
2741
1893
2509
1419
2508
2505
3835
4936
1425
3603
3602
2996
2753
1662
4931
3605
3846
3860
1681
1680
4706
2767
3859
1433
4709
2763
1672
3854
4703
3856
3857
4946
1692
2781
3625
2776
1202
2775
1209
4713
1449
